torus
0 0 0 50 120
sphere
-120 0 0 10
sphere
70 0 110 10
ident
rotate
x 50
rotate
y 30
move
250 250 0
apply
sphere
243 168 0 2

#mouth
line
230 170 0 250 160 0
line
230 170 0 235 150 0
line
235 150 0 250 160 0
line
231 170 0 251 160 0
line
231 170 0 236 150 0
line
236 150 0 251 160 0
line
232 170 0 252 160 0
line
232 170 0 237 150 0
line
237 150 0 252 160 0

#whiskers
line
60 250 0 110 220 0
line
50 220 0 110 210 0
line
60 190 0 120 200 0
line
350 130 0 410 135 0
line
345 125 0 405 105 0
line
340 120 0 400 75 0

#ears
line
342 220 0 372 230 0
line
340 220 0 370 230 0
line
341 220 0 371 230 0
line
339 220 0 369 230 0
line
370 230 0 370 210 0
line
371 230 0 371 210 0
line
372 230 0 372 210 0

line
120 280 0 130 300 0
line
121 280 0 131 300 0
line
122 280 0 132 300 0
line
130 300 0 150 280 0
line
131 300 0 151 280 0
line
132 300 0 152 280 0

display

save
meowonut.png